3000000019
3000000037
3000000077
3000000109
3000000151
3000000209
3000000253
3000000257
3000000277
3000000343
3000000347
3000000349
3000000361
3000000371
3000000391
3000000397
3000000401
3000000403
3000000407
3000000433
3000000457
3000000461
3000000473
3000000511
3000000517
3000000539
3000000551
3000000571
3000000583
3000000593
3000000599
3000000673
3000000713
3000000749
3000000781
3000000803
3000000821
3000000827
3000000833
3000000889
3000000967
3000000973
3000001003
3000001031
3000001049
3000001057
3000001087
3000001093
3000001139
3000001153
3000001171
3000001177
3000001183
3000001229
3000001259
3000001267
3000001307
3000001321
3000001331
3000001337
3000001387
3000001427
3000001507
3000001513
3000001549
3000001567
3000001579
3000001583
3000001601
3000001603
3000001621
3000001633
3000001639
3000001651
3000001661
3000001663
3000001691
3000001709
3000001721
3000001723
3000001783
3000001801
3000001811
3000001817
3000001867
3000001891
3000001897
3000001931
3000001957
3000001993
3000001997
3000002003
3000002051
3000002077
3000002107
3000002119
3000002141
3000002147
3000002149
3000002183
3000002197
